0.0619583 0.641958 0.368158 0.415258 0.148858 0.198658 -0.0288417 0.951658 0.303058 0.429158 0.569058 0.287458 0.340658 0.175558 0.682358 0.654858 0.697358 0.843758 0.590858 0.806358 0.442358 0.135158 0.718258 0.677258 0.172858 0.624658 0.602058 0.586258 0.607958 0.0892583 
0.888433 0.364533 0.908333 0.171333 0.519633 -0.0373669 -0.0140669 0.710333 0.792333 0.289233 0.146533 0.905133 0.429733 0.869033 0.121433 0.0785331 0.194033 0.0298331 0.186833 0.851933 0.189233 0.363433 0.154333 0.818933 0.525833 0.673333 0.571833 0.545833 0.389233 0.538433 
0.654655 0.774055 0.855755 0.0798546 0.119655 0.928155 0.442055 0.149655 0.867555 0.634455 0.00575461 0.106555 0.831055 0.757555 0.265455 0.416955 0.810255 0.934855 0.510055 0.587255 0.422355 0.438355 0.362155 0.0277546 0.578555 0.513855 -0.000445393 0.0983546 0.266755 0.589555 
0.761397 0.0889972 0.369297 0.0520972 0.362697 0.203897 0.744997 0.798297 0.680497 0.651197 0.186897 0.932097 0.145197 0.281597 0.372097 0.758697 0.622997 0.601097 0.814497 0.171197 -0.0628028 0.332897 0.865997 0.250497 0.477097 0.899797 0.0632972 0.654597 0.591797 0.628797 
0.149108 0.645608 0.745108 0.268108 0.598208 0.0305082 0.297908 0.481408 0.407308 -0.0605918 0.726908 0.125408 0.826308 0.0902082 0.330008 0.591108 0.296908 0.845308 0.719108 0.521308 0.138208 0.740308 0.367508 0.448408 0.107008 0.377108 0.848408 0.170508 -0.000491819 0.755608 
0.516613 0.676813 0.543813 -0.0328866 0.293313 0.0684134 0.662013 0.774013 0.279713 0.253913 0.386013 0.371313 0.718013 0.742713 0.578413 0.650513 -0.0375866 -0.0378866 0.404613 0.923813 -0.0309866 0.0664134 0.695713 0.203013 -0.0240866 0.712113 0.837513 0.876613 0.435313 -0.0104866 
0.701298 -0.0486018 0.0863982 0.683098 0.276498 0.112298 0.265698 0.256898 0.605998 0.0462982 0.0236982 -0.0031018 0.769298 0.897698 0.695798 0.892298 0.514098 0.0228982 0.157998 0.455998 0.857098 0.300098 -0.0303018 0.343998 0.125698 0.434798 0.758198 0.313198 0.281898 0.206898 
0.639761 0.539761 0.418561 0.072861 0.303061 0.028561 0.256861 0.653361 0.139661 0.808561 0.635761 0.084861 0.225061 0.309661 -0.00193905 0.157661 0.597061 0.725361 0.141261 0.368261 0.119161 0.703761 0.615261 0.499761 0.829361 0.777261 0.504261 0.338861 0.412561 0.287661 
0.855906 0.500506 0.723506 0.730806 -0.0156937 0.677806 0.0965063 0.228806 0.136506 0.0483063 0.123906 0.0200063 0.0605063 -0.00889366 -0.0516937 0.474306 0.147906 0.846106 0.0896063 0.714306 0.794906 -0.0122937 0.417606 0.850006 0.828306 0.273806 0.0475063 0.280306 0.0110063 0.235806 
-0.00372156 0.343778 0.288478 0.177778 0.646478 0.761178 0.869278 0.552178 0.0305784 0.130878 0.743278 0.0751784 0.805878 0.433978 0.00387844 -0.0682216 0.721878 0.380878 0.854478 0.531478 0.666478 0.301378 0.901078 0.694678 0.258678 0.263178 0.205578 0.246578 0.119178 0.459978 
0.188163 0.122063 0.344063 0.834663 0.403263 0.790263 0.792263 0.289363 0.799463 0.327463 0.127063 0.522863 0.628363 0.549463 -0.0675367 0.0661633 0.505563 0.195963 0.148563 0.0304633 0.647063 -0.0106367 0.810563 0.401063 -0.0288367 0.424663 0.0288633 0.0835633 0.0728633 0.356763 
0.272308 0.0770079 0.598708 0.712608 0.343708 0.203508 0.415708 0.871808 0.739208 0.866808 0.791708 -0.0369921 0.303608 0.340208 0.442508 0.422608 0.445308 0.270908 -0.0417921 0.293408 0.664308 0.848008 0.153508 0.238208 0.922608 0.544008 0.423708 0.440908 0.841208 0.0448079 
0.842773 0.112973 0.388973 0.199173 0.245673 0.199373 0.0779726 0.232073 0.286773 0.291973 0.354073 0.816073 0.416673 0.669473 0.788573 0.0350726 0.858673 0.812373 0.404573 0.281273 0.692673 0.0923726 0.354973 0.0519726 0.301473 0.909373 -0.0314274 0.862373 0.168573 0.704373 
0.300589 0.686189 0.288589 0.805089 -0.00641098 0.618189 0.446289 0.125289 0.859189 0.245589 0.749589 0.283389 0.817889 0.471989 0.932289 0.104889 0.209489 0.326289 0.214789 0.368589 0.077889 -0.041511 0.173089 0.077989 0.259489 0.404489 0.406389 0.166589 -0.048111 0.116489 
0.129418 0.164318 0.904618 0.753618 -0.00928175 0.844318 0.815918 0.430018 0.875818 0.811818 0.792918 0.506318 -0.0197818 0.665118 0.127618 0.744818 0.401018 0.152218 0.0943182 0.253718 0.122118 0.605018 0.378718 0.123318 0.668518 -0.0393818 0.316818 0.604718 0.887418 0.0369182 
0.680698 0.738498 0.627598 0.758298 0.331998 0.594198 -0.036702 0.388498 0.197998 0.147998 0.748398 -0.013202 0.00369803 0.332598 0.331898 0.193798 0.722898 0.131998 -0.022202 -0.00620197 0.329198 -0.024302 0.199598 0.526098 0.110198 0.799398 0.263298 0.133698 0.378098 0.407598 
0.51206 0.0397599 0.72876 0.79326 0.60036 -0.0310401 -0.0745401 0.25646 0.75426 0.55036 0.21876 0.22856 0.28046 0.14026 0.50006 0.0703599 0.24526 0.41066 0.22666 0.62766 -0.0105401 0.51166 0.62186 0.33896 0.76926 0.0908599 0.53526 0.16816 0.32116 0.0296599 
0.295317 0.882917 0.693517 0.930717 0.514017 0.503617 0.315217 0.414217 0.189517 0.371317 0.829217 0.120517 0.0337172 0.625717 0.414817 0.355717 0.666317 0.201617 0.802117 -0.0183828 0.445517 0.000117169 0.766017 0.520517 0.395117 0.772717 0.0714172 0.213017 0.100417 0.247617 
0.824128 0.843228 0.871628 0.918328 0.0688282 0.556628 0.649528 0.601128 0.318028 0.196928 0.00282824 0.150128 0.187228 0.566628 0.534428 0.789428 0.711728 0.755128 0.877328 0.173128 0.617328 0.249528 -0.0151718 0.236928 0.0853282 -0.0191718 0.892328 0.840528 0.432928 0.653228 
0.0467479 -0.0687521 0.0315479 0.0834479 0.790048 0.872248 0.523148 0.772048 0.866948 0.0795479 0.922648 0.608348 0.723948 -0.0179521 0.679548 0.0759479 0.730848 -0.0144521 0.606748 0.265248 0.817948 0.671448 0.158348 0.553648 0.505548 0.864748 -0.0602521 0.103948 0.390648 0.283348 
0.767231 0.732631 0.145031 0.295731 0.162931 0.470531 0.0265309 -0.0137691 -0.0524691 0.412231 0.660531 0.00943091 0.364331 0.898331 0.836231 -0.0289691 0.101331 0.263031 0.841931 0.172431 0.903031 -0.0148691 0.467431 0.205531 0.836231 -0.0625691 0.494031 0.379431 0.626731 0.550731 
0.75069 0.18599 0.62409 0.16929 0.31979 0.26869 -0.0323097 0.35409 0.0855903 0.34399 0.13459 0.69679 0.58439 0.38789 0.14119 0.44629 0.52089 -0.0440097 0.48839 -0.0428097 0.70029 0.89609 0.22019 0.76009 0.0567903 0.46529 0.30279 0.10509 0.15729 0.86479 
0.320099 0.171499 0.0314992 0.251999 0.358899 0.353599 0.583399 0.902299 0.824399 0.794099 0.920199 0.621799 0.698199 0.533999 0.386899 -0.00310081 0.657399 0.682299 0.514999 0.752399 0.251399 0.399299 0.0558992 0.103399 0.530499 0.932099 0.649299 0.671099 0.138199 0.896299 
0.505632 0.798532 0.488232 0.702132 0.928132 0.858332 0.462532 0.402032 0.175332 0.620332 0.158432 0.104032 0.626232 0.228832 0.106732 0.830732 0.766732 0.882532 0.917532 0.842732 0.867832 0.524632 0.209132 0.829332 0.332232 0.112232 0.129732 0.310332 0.0672316 0.115432 
-0.0564343 -0.0240343 0.630266 0.498966 0.545166 0.137366 0.850066 0.239866 0.800166 0.395966 0.252266 0.800066 0.854266 0.923466 0.577766 0.166566 0.479866 0.905166 0.786066 0.598066 0.554766 0.0441657 0.460666 0.582966 0.0013657 0.621066 0.700366 0.640766 0.326366 0.200066 
-0.0360448 0.235855 0.814755 0.156855 0.682655 0.765555 0.902755 0.167255 0.0362552 0.0516552 0.778855 0.825555 0.608255 0.600555 0.806855 0.493155 0.424855 0.302655 0.202455 0.761055 -0.0248448 0.201655 0.213055 0.896655 0.620555 0.657455 0.0862552 0.664855 0.861555 0.742355 
0.781125 -0.0434748 -0.00287478 0.617725 0.266125 0.367725 0.738925 0.189425 0.436925 0.152825 0.00902522 -0.00797478 0.185125 0.150825 -0.0404748 0.693025 0.821825 0.384925 0.101225 0.378825 0.315025 0.648825 0.232525 -0.0128748 0.000425216 0.895725 0.788325 0.798625 0.855125 0.713625 
-0.013488 0.699712 -0.013488 0.080312 0.088212 0.424412 0.569812 0.608712 0.507912 0.308512 0.476012 0.158212 0.839212 0.00531201 0.172812 0.236112 0.208612 -0.027988 -0.012488 0.660012 0.811912 0.552012 0.226012 -0.053588 0.643012 0.301712 0.753812 0.302112 0.399512 0.195412 
0.684138 0.0332383 0.459138 0.322238 0.0990383 0.0492383 0.0274383 0.00123825 0.0218383 0.494138 0.479238 0.477938 0.394238 -0.0533617 0.0786383 0.107438 0.749738 0.220438 0.377738 0.872838 0.331038 0.0159383 0.0736383 0.604738 0.920938 0.0296383 -0.0348617 0.756638 0.802738 0.0135383 
0.19901 -0.0628904 0.17921 0.32531 0.0134096 0.91371 0.54131 0.47501 0.30661 0.0927096 -0.0077904 0.57971 0.65181 -0.0170904 0.44811 0.69121 0.91811 0.71321 0.72121 0.0770096 -0.0636904 0.31411 0.86871 0.72981 -0.0650904 0.44121 0.18261 -0.0610904 0.57351 0.61631 
