0.234858 0.445458 0.517358 0.841958 0.976458 0.742958 0.0887576 0.796558 -0.0138424 0.0863576 0.316858 0.102858 0.846458 0.453358 0.115958 0.790658 0.528058 0.405558 0.0640576 0.620258 0.334358 0.365058 0.0610576 0.0663576 0.420658 0.642458 0.0667576 0.625658 0.0661576 0.470358 
0.106712 0.106212 0.484712 0.0580124 0.562312 0.365712 0.232212 0.272912 0.457512 0.493612 0.705312 0.247712 0.313812 0.613612 0.0803124 0.253912 0.911212 0.577612 0.739212 0.0158124 0.0873124 0.188212 0.0737124 0.194712 0.708412 0.162712 0.852012 0.337512 0.451412 0.283912 
0.477256 0.967956 0.693656 0.149156 0.846656 0.931356 0.782156 0.0720561 0.887756 0.000556146 0.388956 0.0613561 0.563256 0.0603561 0.241956 0.316856 0.697356 0.941956 0.404656 0.0449561 0.163656 0.184656 0.354756 0.225456 0.101256 0.667156 0.331656 0.938256 0.897756 0.305156 
0.590997 -0.00810288 0.118597 0.886297 0.816697 -0.00460288 0.0520971 0.726297 0.772397 0.0922971 0.850597 0.121097 0.0447971 0.146197 0.135997 0.650897 0.576597 0.748497 0.774597 0.864697 0.578697 0.823297 0.487997 0.0468971 0.380097 0.492197 0.929197 0.377797 0.106897 0.272897 
0.00758149 0.0637815 0.687481 0.445981 0.748481 0.0493815 -0.00641851 0.967381 0.285781 0.870781 0.508081 0.143981 0.673181 0.788881 0.774581 0.0657815 0.453181 0.743181 0.235281 0.477381 0.757581 0.0516815 0.326881 0.490981 0.405781 0.164581 0.226481 0.504381 0.161481 0.604081 
0.0101058 0.205106 0.791006 0.266206 0.481506 0.194706 0.663906 0.240606 0.486106 0.168606 0.465506 0.670006 0.686206 0.917706 0.280106 0.397006 0.288206 0.918906 0.554206 0.554406 0.518406 0.0454058 0.356106 0.0481058 0.456706 0.961106 0.0668058 0.0398058 0.786206 0.751106 
0.497471 0.032671 0.778271 0.187071 0.180271 0.540571 0.020871 0.238171 0.116071 0.403871 0.945371 0.789271 0.271171 0.227771 0.585271 0.615071 0.888671 0.222271 0.238471 0.060371 0.410271 0.207471 0.476871 0.612371 0.234071 0.559271 0.441671 0.126271 0.659871 0.357171 
0.700799 0.784299 0.478899 0.0595993 0.232299 0.175699 0.720999 0.656699 0.341099 0.877099 0.608999 -0.0127007 0.371499 0.682499 0.827799 0.960199 0.747699 0.952999 0.630199 0.0454993 0.457299 0.615399 -0.00890072 0.861099 0.702899 0.192999 0.138899 0.411199 0.934699 0.0955993 
-0.0137748 0.281225 0.434025 0.568325 0.0164252 0.0405252 0.951025 0.476125 0.816025 0.170825 0.600025 0.848725 0.311925 0.587325 0.525625 0.775625 0.733325 0.0700252 0.285025 0.423825 0.470725 0.519025 0.153925 0.676225 0.0161252 0.460425 0.0809252 0.684225 0.822125 0.515125 
0.236852 0.323552 0.706552 0.595852 0.734352 0.496752 0.122052 0.0224525 0.0453525 0.516152 0.219552 0.242152 0.679952 0.758452 0.214352 0.764552 0.808452 0.226252 0.321152 0.916452 0.309952 0.218652 0.919752 0.813252 0.00755248 0.395452 0.110152 0.829952 0.773052 0.405252 
0.526897 0.0968975 0.0451975 0.974497 0.131197 0.432097 0.102697 0.0286975 0.656397 0.768497 0.955397 0.642997 0.726797 0.553697 0.0463975 0.831997 0.708097 0.795797 0.735097 0.450297 0.688897 0.105697 0.518397 0.148497 0.442697 -0.0160025 0.811497 0.184297 0.215397 0.318597 
0.511248 0.281448 0.0126481 0.149348 0.742048 0.657948 0.529148 0.639848 0.0927481 0.543648 0.0758481 0.397448 0.598048 0.271348 0.366748 0.612948 0.387648 0.938248 0.950248 0.866748 0.512348 0.592048 0.0607481 0.345348 0.829048 0.837748 0.270348 0.103648 0.497448 0.628648 
0.689669 0.111369 0.0399688 0.395069 0.657169 0.874369 0.893369 0.864569 0.447269 0.0443688 0.355469 0.277969 0.199169 0.0879688 0.733069 0.525569 0.615869 0.0722688 0.765669 0.356869 0.0140688 0.116469 0.805169 0.121369 0.492369 0.934069 0.534269 0.428369 0.272569 0.366769 
0.00175676 0.186657 0.113957 0.483257 0.617357 0.378357 0.405557 0.354657 0.169057 0.502757 0.632057 0.600157 0.730057 0.354157 0.683257 0.617057 0.670057 0.117057 0.703957 0.820757 0.707857 0.700057 0.810957 0.388857 0.382657 0.202657 0.962357 0.130457 0.115057 0.564557 
0.153976 0.670076 0.112576 0.758176 0.364576 0.765376 0.117576 0.624176 0.648876 0.155576 0.503976 0.505776 0.807476 0.490276 0.682976 0.835376 0.523976 0.798276 0.153876 0.335976 0.284376 0.314976 0.0917757 0.243676 0.591076 0.734376 0.171976 0.578776 0.426476 0.698376 
0.236381 0.111181 -0.0240192 0.687781 0.0286808 0.244681 0.223681 0.338181 0.402681 0.549681 0.308381 0.0704808 0.629281 0.131081 0.419581 0.933781 0.945081 0.809481 0.631681 0.842481 0.662581 0.796581 0.563381 0.431581 0.782581 0.118581 0.242281 0.600681 0.110281 0.655981 
0.131243 0.0684432 0.444743 0.0660432 0.970343 0.470843 0.412643 0.601443 0.214843 0.190843 0.618743 4.32006e-05 0.408343 0.0325432 0.0282432 0.0413432 0.209543 0.927543 0.254243 0.622043 0.188743 0.653943 0.212443 0.518343 0.211543 0.271443 0.206243 0.883643 0.201643 0.236043 
0.658032 0.168132 0.159932 0.758932 0.624032 0.417132 0.0485324 0.724232 0.249732 0.696832 0.833532 0.321132 0.425932 0.201932 0.583632 0.175532 0.783732 0.196032 0.229532 0.754532 0.139532 0.616832 0.265332 0.784232 0.0796324 0.263932 0.487632 0.221432 0.579932 0.925332 
0.25684 0.16904 0.33654 0.11654 0.0110402 0.74034 0.0486402 0.51694 0.15834 0.22624 0.55014 0.56824 0.86594 0.16174 0.87134 0.80554 0.84424 0.59934 0.72664 0.61654 0.48354 0.40874 0.24004 0.66804 0.30674 0.85784 0.45864 0.68844 0.87864 0.65664 
0.949505 0.603405 0.882605 0.759305 0.421205 0.677705 0.974005 0.0879046 0.159905 0.645505 0.234205 0.778505 0.406605 0.0958046 0.446405 0.807105 0.169305 0.495805 0.740805 0.364805 0.217105 -0.00269536 0.493105 0.823105 0.638905 0.130705 0.298505 0.0766046 0.626105 0.566205 
0.111047 0.335247 0.543847 0.773747 0.274247 0.784447 0.00264669 0.602647 0.156947 0.669547 0.206847 0.310847 0.113647 0.0600467 0.634347 0.0258467 0.0815467 0.0370467 0.448647 0.908547 0.726747 0.919047 0.444647 0.345547 0.874947 0.785547 0.780147 0.864947 0.406347 0.135447 
0.854486 0.257586 0.00918638 0.704186 0.483186 0.0510864 0.376686 0.424386 0.233686 0.402786 0.933586 -0.00501362 0.522986 0.696186 0.708086 0.307286 0.387886 0.311186 0.882386 0.211086 -0.0145136 0.0783864 0.882986 0.480586 0.384586 0.151786 0.958086 0.940286 0.362286 0.0220864 
0.319654 0.951154 0.773454 0.347554 0.117954 0.244454 0.614554 0.0904545 0.867054 0.842954 0.479554 0.838554 0.0482545 0.749554 0.739354 0.765354 0.321854 0.293154 0.310854 0.153954 0.268854 0.926454 0.0139545 0.0969545 0.576454 0.421154 0.501354 0.432454 0.272454 0.722754 
0.365722 0.732922 0.644522 0.286622 0.727422 0.449222 0.692022 0.736922 0.862922 0.768722 0.0433222 0.137922 -0.00827776 0.146922 0.334822 0.914222 0.180922 0.150422 0.0497222 0.894922 0.656422 0.0632222 0.365822 0.629722 0.354922 0.00122224 0.794522 0.769622 0.592022 0.957422 
0.0570134 0.868013 0.359913 0.200413 0.0333134 0.755813 0.216913 0.922513 0.683513 0.804113 0.946613 0.793113 0.369313 0.886913 0.730113 0.864013 0.770913 0.757713 0.0732134 0.421013 0.429113 0.0228134 0.385913 0.293213 -0.00438665 0.162413 0.560413 0.488913 0.414113 0.588613 
0.00288958 0.25209 0.62859 0.50259 0.88949 0.0236896 0.30259 0.78959 0.33839 0.86689 0.84289 0.18069 0.0947896 0.24879 0.63909 0.0341896 0.80389 0.26519 0.85609 0.93799 0.87579 0.24789 0.22049 0.78439 0.61019 0.56129 0.50269 0.0944896 0.13969 0.0817896 
0.648372 0.867272 0.0874716 0.823672 0.150972 0.0203716 0.0566716 0.119372 0.818172 0.789172 0.218072 0.448672 0.832572 0.826472 0.820772 0.0954716 0.196272 0.771472 0.691172 0.139072 0.277972 0.614872 0.332372 0.622672 0.671572 0.873872 0.0858716 0.374172 0.419572 0.328172 
