0.0208825 0.289883 0.676383 0.544483 0.225283 0.478183 0.360083 0.128683 0.656383 0.811283 0.440083 0.0968825 0.403983 0.566683 0.143283 0.166783 0.633383 0.700183 0.333583 0.101883 0.599783 0.188683 0.214683 0.0173825 0.291783 -0.0223175 0.789783 0.174283 0.0131825 0.902083 
0.744488 0.066888 0.065288 0.078988 0.887988 0.025988 0.271888 0.127088 0.658688 0.106888 0.866788 0.657388 0.176588 0.107488 0.466588 0.826888 0.884988 0.132488 0.354988 0.908988 -0.00511196 0.384488 0.899388 0.664088 0.660888 0.501388 0.968688 0.302788 0.623888 0.628388 
0.490886 0.284786 0.200486 0.599086 0.167986 -0.013414 0.903086 0.212786 0.618086 0.501786 0.391686 0.940686 0.474186 0.799786 0.388186 0.748286 0.066586 0.846586 -0.00511401 0.091586 0.010486 0.211086 0.668286 0.687786 0.130986 0.185686 0.159586 0.035086 0.316586 0.426986 
0.544299 0.428099 0.550999 0.747399 0.437299 0.737099 0.0874987 0.420799 0.457899 0.133499 0.414399 0.941499 0.885699 0.825399 0.683399 0.798599 0.354699 0.585699 0.0184987 -0.0268013 0.391599 0.909799 0.132799 0.860899 0.104099 0.211899 0.0387987 0.311999 0.0404987 0.803999 
0.706011 0.701711 0.722411 0.187811 0.304011 0.00501118 0.245711 0.760011 0.576411 0.820511 0.548111 0.390411 0.0598112 0.901311 0.258011 0.167911 0.0325112 0.967911 0.892911 0.0363112 0.662111 0.500011 0.784411 0.664411 0.525611 0.143911 0.205311 0.176611 0.722411 0.886711 
0.163068 0.114268 0.291268 0.298868 0.684468 0.467468 0.210768 0.267268 0.419468 0.986368 0.271468 0.206568 0.703368 0.263568 0.136668 0.333168 0.521468 0.414868 0.0512681 0.480568 0.0763681 0.917768 0.413368 0.387168 0.331768 0.749268 0.877068 0.204068 0.685568 0.479568 
0.775571 0.222071 0.574471 0.326471 0.581571 0.165971 0.629671 0.813471 0.498971 0.547671 0.784871 0.0804707 0.768571 0.318771 0.847471 0.294271 0.717671 -0.00702931 0.828671 0.635471 0.228171 0.505271 0.479971 0.755371 0.00887069 0.228771 0.501471 0.180771 0.110971 0.0739707 
0.791414 0.311214 0.982214 0.856914 0.0419144 0.835214 0.0600144 0.261414 0.0907144 0.972814 0.272714 0.879714 0.309814 0.546614 0.624414 0.725214 0.514814 0.671514 0.197914 0.379814 0.197214 0.908314 0.182514 0.208314 0.182314 0.275614 0.784714 0.255214 0.179914 0.261414 
0.28182 0.99862 0.87002 0.93732 0.98092 0.77572 0.22042 0.51292 0.39272 0.59372 0.49522 0.17802 0.0732198 0.60142 0.87942 0.28912 0.0251198 0.76702 0.96502 0.89952 0.24032 0.57412 0.28512 0.81922 0.54662 0.0829198 0.71012 0.0741198 0.79092 0.66212 
0.855357 0.378657 0.864457 0.0193573 0.420457 -0.0184427 0.389157 0.0853573 0.578457 0.912857 0.155357 0.948157 0.106857 0.364857 0.373757 0.466257 0.192857 0.723657 0.896757 0.00885725 0.633057 0.802157 0.162957 0.0716573 0.117857 0.0815573 0.0323573 0.845657 0.872757 0.958657 
0.4878 0.5388 0.7392 0.4478 0.9845 0.0792003 0.00870026 0.5556 0.6817 0.5103 0.9843 0.8555 0.4196 0.3659 0.3974 0.9904 0.9515 0.2289 0.6256 0.4259 0.5542 0.6549 0.8225 0.1086 0.3111 0.3697 0.5668 0.5063 0.6777 0.5762 
0.788256 0.189556 0.782756 0.0116563 0.907656 0.902056 0.790156 0.627256 0.350956 0.0652563 0.133056 0.272256 0.202356 0.540256 0.587956 0.193556 0.0957563 0.0830563 0.276356 0.927156 0.618656 0.457656 0.0271563 0.831156 0.710456 0.565456 -0.000743698 0.971556 0.399456 0.452756 
-0.00257025 0.52853 0.17293 0.0465297 0.0219297 0.51333 0.84963 0.00772975 0.76853 0.59533 0.0449297 0.72723 0.61133 0.11603 0.57893 -7.02515e-05 0.12533 0.32323 0.15153 0.58903 0.24193 0.0594297 0.0255297 0.88373 0.30053 0.48563 0.80153 0.56063 0.24273 0.39483 
0.245516 0.393616 0.497216 0.877116 0.961316 0.0639162 0.0777162 0.869816 0.807116 0.374816 0.148816 0.801516 0.802716 0.124316 0.918316 0.802016 0.320716 0.887616 0.0687162 0.809516 0.0131162 0.436716 0.506016 0.755716 0.560316 0.666016 0.208216 0.559316 0.545716 0.294516 
0.702889 0.224189 0.570989 0.398389 -0.0184111 0.623289 0.785189 0.787189 0.0314889 0.152789 0.773289 0.231889 0.561089 0.947989 0.896189 0.712389 0.0650889 0.228989 0.109089 0.367889 0.195589 0.421889 0.964889 0.534689 0.828489 0.838089 0.304289 0.831389 0.601089 0.600789 
0.270516 0.158516 0.611816 0.821316 0.144216 0.152016 0.855316 0.298116 0.858816 0.488216 0.428616 0.318916 0.132216 0.511616 0.0149158 0.260016 0.456516 0.566316 0.910716 0.181116 0.185516 0.139716 0.0466158 0.622416 0.490016 0.857216 0.540316 0.567316 0.559716 0.834316 
0.0874535 0.229454 0.330654 0.438754 0.706154 0.303554 0.320754 0.178254 0.352454 0.959754 0.875654 0.508254 0.773754 0.767254 0.661854 0.854554 0.456454 0.0439535 0.540054 0.107554 0.0588535 0.991454 0.0161535 0.333354 0.0990535 0.507854 0.381054 0.724754 0.824554 0.646254 
0.748302 0.669002 0.684602 0.787602 0.941002 0.148302 0.891402 0.271002 1.0016 0.921802 0.517902 0.0675021 0.328302 0.578702 0.806002 0.105702 0.301602 0.929402 0.0888021 0.899802 0.556602 0.700802 0.562302 0.818602 0.228202 0.937602 0.533802 0.191802 0.506902 0.124702 
0.205339 0.432639 0.167639 0.350039 0.622639 0.250639 0.629439 0.373539 0.025239 0.205139 0.197839 0.465939 0.709939 0.154039 0.119239 0.153739 0.770139 0.931039 0.208139 0.766739 0.982439 0.608139 0.218039 0.603839 0.318739 0.193639 0.836139 0.918839 0.121939 0.968439 
0.0411798 0.0466798 0.44078 0.10868 0.90318 0.43978 0.48568 0.98548 0.13848 0.55938 0.89178 0.59578 0.32718 0.78378 0.57538 0.46118 0.53518 0.38568 0.39138 0.74118 0.83768 0.00977985 0.94228 0.38218 1.00458 0.87908 0.25958 0.61118 0.81438 0.68678 
0.201341 0.566141 0.0867409 0.169441 0.925941 0.914341 0.319341 0.646541 0.950241 0.317841 0.568741 0.652741 1.00594 0.869841 0.527041 0.711541 0.683141 0.467041 0.497241 0.0357409 0.571541 0.524441 0.749741 0.442241 0.696041 0.394241 0.477341 0.0910409 0.0467409 0.270941 
-0.0185767 0.746423 -0.0191767 0.344223 0.175423 0.637823 0.0304233 0.823823 0.0225233 0.787723 0.477023 0.948623 0.177623 0.794323 0.858823 0.743823 0.453223 0.917923 0.110123 0.0242233 0.0836233 0.505423 0.188923 0.559123 0.915623 0.956723 0.0323233 0.914723 0.0780233 0.721223 
0.536809 0.326909 0.457509 0.387309 0.862109 0.105709 0.117609 0.849109 0.327609 0.605709 0.365109 0.740809 0.815309 0.457509 0.330509 0.269509 0.0381095 0.282609 0.231109 0.131709 0.221709 0.141309 0.480709 0.894409 0.772209 0.917809 0.0526095 0.675609 0.0286095 0.646509 
0.319419 0.466519 0.282519 0.773419 0.606719 0.733819 0.134319 0.194319 0.325519 0.839819 -0.0182814 0.0404186 0.386819 0.660519 0.774319 0.0745186 0.164519 0.386619 0.106619 0.178219 0.673019 0.465819 0.166119 0.369919 0.923119 0.0487186 -0.00548136 0.131319 0.395419 0.659019 
0.0144471 0.965647 0.485447 0.108347 0.718247 0.523447 0.568147 0.382447 0.405047 0.800147 0.00994714 0.758247 0.774947 0.285947 0.0103471 0.452147 0.312047 0.0456471 0.168947 0.0124471 0.414347 0.331347 0.0282471 0.676847 0.347947 0.108047 0.167247 0.819247 0.593047 0.661647 
0.228508 0.607508 0.203908 0.0621079 0.0678079 0.949708 0.557508 0.189608 0.0872079 0.0194079 0.984608 0.0221079 0.243008 0.481208 0.169608 0.601408 0.211808 0.664308 0.535708 0.802808 0.417308 0.742208 0.991708 0.0202079 0.0456079 0.888008 0.659908 0.493208 0.938008 0.892308 
0.559155 0.538655 0.476255 0.621455 0.577555 0.420555 0.736355 0.892555 0.113455 0.297755 0.881655 0.170755 0.144655 0.0646546 0.707255 0.0865546 0.504255 0.159155 0.108955 0.855055 0.236655 0.883055 0.593855 0.372155 0.298855 0.882755 0.169155 0.338455 0.0629546 0.660855 
0.133462 -0.0051379 0.626462 0.677962 0.774162 0.486662 0.107762 0.446962 0.212362 0.926762 0.292962 0.281262 -0.0246379 0.0887621 0.111762 0.231362 0.0295621 0.463462 -0.0118379 0.592362 0.786162 0.308662 -0.0077379 0.646162 0.880662 0.509962 0.113162 0.571262 -0.0205379 0.440962 
0.772216 0.867816 0.661416 0.00751648 0.201716 0.429216 0.817316 0.808816 0.668916 0.870116 0.384616 0.800216 0.266216 0.427116 0.751316 0.591816 0.184516 0.380616 0.834616 0.812816 -0.0130835 0.111316 0.303516 0.982716 0.897616 0.559916 0.350516 0.0747165 0.921716 0.485016 
0.608517 0.749717 0.179017 0.244417 0.0428167 0.353517 0.212817 0.0832167 0.0841167 0.843617 0.184017 0.0577167 0.840017 0.103417 0.614017 0.576817 0.0990167 0.979017 0.0938167 0.224117 0.615117 0.0703167 0.214017 0.480717 0.0576167 0.931517 0.203717 0.669117 0.774317 0.997417 
