0.219325 0.0997246 0.0014246 0.667525 0.578325 0.305825 0.0520246 0.757025 0.385425 0.0159246 0.255925 0.173325 -0.0735754 -0.0611754 0.488225 0.236625 0.506125 0.233625 0.180825 
0.0820289 -0.0176711 0.852629 0.768229 -0.0415711 0.387529 0.323829 -0.122171 0.602129 0.224229 0.366129 -0.135571 0.496929 0.648829 0.325229 0.823429 0.552529 -0.0417711 0.379929 
0.558011 0.633911 0.452411 0.601911 -0.103289 0.576011 0.0599114 0.658711 -0.0702886 0.556311 0.473411 0.0259114 0.0123114 -0.0752886 0.649311 0.113811 0.202611 -0.125189 0.755911 
0.486347 -0.093153 0.235947 0.609147 0.755347 0.286147 0.553947 -0.093953 0.661347 -0.129053 0.214347 -0.119853 0.657647 0.283647 0.702347 0.782847 0.059747 0.665847 -0.032053 
0.850944 0.444044 0.246344 0.542844 0.284244 0.306144 0.553744 -0.0729559 -0.115856 0.313244 -0.0447559 0.817244 0.375944 0.377444 0.0267441 -0.0712559 -0.0595559 0.0973441 0.0366441 
0.466375 0.141175 0.697975 0.521175 -0.054625 0.783475 0.690375 0.592875 0.334075 0.278075 -0.021325 -0.125925 0.388075 -0.120625 0.149975 0.083575 -0.082925 0.772975 0.782275 
0.729951 0.249851 -0.113849 0.0886514 0.580651 -0.133249 0.0260514 0.668751 0.267051 0.126251 -0.0752486 0.807451 0.467351 0.667451 -0.0384486 0.0730514 0.597351 -0.0948486 0.650151 
-0.016695 0.819105 0.737705 0.074705 0.157905 -0.175395 0.457905 0.086505 0.690605 0.821205 0.385005 -0.118995 0.752305 0.532705 0.739405 0.661505 0.689405 0.643605 0.811805 
0.205778 0.662778 0.580378 0.448078 0.287178 0.740578 0.705078 -0.0825223 0.0842777 0.0172777 -0.147922 0.665078 0.379678 0.203678 0.581678 0.444778 -0.0318223 -0.0153223 0.0840777 
-0.0376992 0.772501 0.545201 0.463301 0.206801 -0.114099 0.825401 0.813201 0.414801 0.172001 -0.0268992 0.652701 0.591701 0.459001 0.482701 0.798501 0.706901 -0.101899 -0.0666992 
0.702322 -0.0845778 0.179622 0.242622 0.363522 0.373922 0.400822 -0.0881778 -0.0391778 0.314622 0.649922 0.270422 -0.128178 0.521622 0.506522 0.436622 0.379122 -0.0178778 0.803322 
0.420413 -0.120587 0.619313 0.654913 0.494213 -0.0646874 0.108013 -0.0388874 0.0271126 0.203813 0.202713 0.451113 0.836113 0.456613 0.300713 0.301413 0.0507126 0.582213 0.0358126 
0.455214 0.332214 0.760414 0.243714 -0.0923863 0.406314 0.492414 0.628414 0.681814 -0.0514863 0.581014 -0.00948634 0.665014 -0.132586 -0.0907863 0.156514 0.313914 0.640114 0.434014 
0.767615 0.0721154 0.692815 0.529315 0.106815 0.632715 0.0363154 0.312115 0.756515 -0.0543846 0.0527154 0.220115 0.783515 0.727015 0.266915 0.483115 0.802215 0.431415 -0.00118461 
0.603852 0.418152 0.117252 -0.0427477 0.0495523 0.0700523 0.628752 0.533252 0.623152 0.793052 0.437552 -0.0798477 0.611652 0.720752 -0.0468477 -0.00874769 0.404952 0.801252 0.568952 
-0.122646 0.277254 0.497854 -0.0151459 0.103654 0.738554 0.366354 0.0646541 0.218554 0.668454 -0.0272459 -0.00104588 0.440454 -0.0783459 0.600054 -0.119746 0.624854 0.832854 0.716954 
0.3389 -0.1111 0.0747004 0.2818 0.6359 0.3094 0.1794 0.3687 -0.1381 0.2281 -0.0701996 0.4507 0.674 0.0154004 0.594 0.00960043 0.4512 -0.1914 0.0244004 
0.0352716 -0.0379284 0.649272 -0.0631284 0.623672 0.779772 -0.00192835 0.0838716 0.396172 0.0568716 0.552372 0.817072 0.409372 -0.0403284 0.105272 0.692072 0.278272 0.543872 0.674472 
0.413493 -0.0988067 0.179693 0.316093 0.315893 -0.0768067 0.0174933 0.755093 0.104393 0.690793 0.689193 0.675193 0.0954933 0.435693 0.104993 -0.0899067 -0.142807 0.778293 0.772893 
0.463605 0.0346047 0.585705 -0.0342953 0.610405 0.663105 0.160105 0.431905 0.719905 0.776305 0.0704047 0.211105 0.503705 0.000604653 0.808105 -0.0129953 0.0108047 0.0163047 0.0253047 
0.566417 0.768817 -0.029483 -0.041983 0.013017 0.494417 0.758817 -0.00168305 0.576817 0.787117 0.554417 0.160017 0.183317 0.157917 0.598517 0.035117 0.517717 -0.147483 0.443617 
0.847989 -0.0684112 0.819089 0.851889 0.314189 0.730089 0.855889 0.586789 0.852189 0.865789 0.436489 0.358689 0.644789 0.124589 0.159889 0.121189 0.200789 0.215489 -0.0433112 
0.0907674 0.686567 0.392067 0.587467 0.457567 0.663467 0.339367 -0.00573261 0.421667 0.0222674 -0.0120326 0.116767 0.691167 -0.00773261 0.718767 0.717367 0.177467 0.159267 0.193167 
-0.00761884 0.532481 -0.0683188 0.762281 -0.158119 -0.146119 -0.00341884 -0.0157188 0.217181 -0.0378188 0.813581 0.492781 0.192381 -0.0495188 -0.123619 0.483481 -0.149519 0.179481 0.126981 
0.74904 -0.12016 0.54264 0.63854 -0.13736 0.48954 0.69214 0.37884 0.10254 0.26144 0.0492398 0.21404 0.10294 0.74374 0.71794 -0.0525602 0.13084 -0.0418602 0.51014 
0.178279 0.799879 0.351879 0.0807793 0.302079 0.487979 0.0928793 -0.153721 0.352679 -0.131821 -0.102921 0.0665793 -0.179721 0.274679 0.726479 0.509879 0.245379 0.0650793 0.530679 
0.20134 0.55024 0.71664 -0.12626 0.73784 0.37454 0.20194 0.0254405 0.0601405 0.81174 0.55914 0.57924 0.84124 0.41744 -0.13256 0.20754 0.35544 0.60734 0.12464 
0.238491 0.210691 0.245891 0.137291 0.105591 0.305391 0.613091 -0.0723095 0.0161905 0.394291 0.147091 0.198591 0.454991 -0.0379095 0.830691 0.589191 -0.145409 0.343291 -0.0431095 
0.442757 0.737657 0.520257 0.410557 -0.0559429 0.0598571 0.490057 0.00315714 0.497157 0.308357 0.837057 0.432857 0.424557 0.392357 0.136657 0.660057 -0.0852429 0.754557 0.826957 
0.539582 0.530382 -0.0913176 0.449882 -0.131718 0.699782 0.793382 -0.0327176 0.660882 0.540182 0.162982 0.684082 -0.137318 0.454382 0.151182 0.551182 0.0959824 0.770782 0.102482 
