0.3549 0.0340001 0.9735 0.9613 0.5629 0.3201 0.1212 0.8008 0.7398 0.6071 0.6308 0.9466 0.855 0.0462001 0.0814001 0.8819 0.0950001 0.3592 0.4222 0.5431 0.5535 0.5804 0.0914001 0.1404 0.4942 0.8295 0.45 0.0514001 0.7012 0.6861 
0.595628 0.538128 0.141128 0.962328 0.543928 0.00292751 0.742828 0.778428 0.617728 0.0588275 0.231528 0.0846275 0.150628 0.327328 0.326228 0.574628 0.959628 0.580128 0.424228 0.424928 0.174228 0.705728 0.159328 0.626828 0.503828 0.932028 0.415328 0.0792275 0.577928 0.664028 
0.817022 0.870422 0.137122 0.769622 0.179122 0.853622 0.0560217 0.0978217 0.345122 0.502522 0.828722 0.622622 0.933522 0.238022 0.858722 0.695222 0.272722 0.798622 0.202222 0.478022 0.922422 0.111522 0.218622 0.386022 0.949422 0.892922 0.432822 0.649022 0.968122 0.597322 
0.157639 0.746739 0.561039 0.260139 0.100139 0.192439 0.212939 0.771639 0.676139 0.766039 0.935939 0.580439 0.0630388 0.754539 0.863639 0.0960388 0.134139 0.547839 0.944139 0.711839 0.0171388 0.417039 0.637639 0.124639 0.243439 0.878339 0.506139 0.204439 0.358339 0.808239 
0.126033 0.152233 0.593733 0.0749332 0.753333 0.0335332 0.778133 0.986133 0.870233 0.554033 0.104033 0.289833 0.496933 0.851033 0.524533 0.394533 0.583833 0.0770332 0.443233 0.144933 0.665833 0.889133 0.230533 0.809133 0.224733 0.666333 0.0237332 0.239533 0.211033 0.137833 
0.813201 0.100801 0.787601 0.943701 0.162001 0.247801 0.560101 0.220801 0.716301 0.981001 0.573301 0.123601 0.269201 0.856001 0.442201 0.707801 0.838401 0.579101 0.0668008 0.345301 0.481701 0.481501 0.0888008 0.183101 0.920701 0.270001 0.856401 0.854801 0.840801 0.261101 
0.574099 0.243399 0.048499 -0.004401 0.916699 0.911299 0.604299 0.175299 0.726399 0.106399 0.751099 0.803799 0.300799 0.572599 0.860599 0.916999 0.211099 0.351799 0.644399 0.141299 0.948799 0.127699 0.151499 0.156999 0.165999 0.700599 0.902999 0.104699 0.092199 0.147199 
0.637367 0.901767 0.141267 0.719767 0.930067 0.697367 0.302967 0.326267 0.300867 0.741467 0.178067 0.660667 -0.00453312 0.586567 0.957767 0.0413669 0.928867 0.961667 0.423967 0.839867 0.965667 0.696567 0.961967 0.975567 0.546267 0.468467 0.754567 0.234367 0.269667 0.230967 
0.299586 0.314286 0.0554863 0.218086 0.813886 0.519386 0.714786 0.584886 0.790786 0.466686 0.121586 0.548986 0.149586 0.115286 0.244086 0.818486 0.119586 0.846086 0.844686 0.304786 0.286586 0.320486 0.123386 0.663486 0.0626863 0.893286 -0.0271137 -0.0151137 0.127586 0.115286 
0.367476 0.112476 0.963876 0.643076 0.342676 0.100776 0.0266765 0.633776 0.000776499 0.329776 0.277276 0.892076 0.0228765 0.685676 0.781576 0.0056765 0.632576 0.835176 0.521876 0.245576 0.404476 0.192276 0.357076 0.245976 0.886776 0.860976 0.0904765 0.273876 0.101176 0.653176 
0.356958 0.978558 0.530558 0.259458 0.480758 0.666658 0.271558 0.0249579 0.531358 0.0468579 0.0757579 0.245258 -0.00104207 0.453358 0.905158 0.688558 0.424058 0.243758 0.709358 0.337058 0.685958 0.852358 0.00945793 0.873558 0.510258 0.337658 0.161158 0.195858 0.947458 0.694858 
0.72368 0.98568 0.56188 0.0118795 0.35198 0.49988 0.75178 0.26908 0.39478 0.36698 0.40218 0.29358 0.26188 0.46168 0.76938 0.0839795 0.17248 0.55058 0.30338 0.35488 0.61128 0.11838 0.98698 0.74548 0.0108795 0.49958 0.11318 0.59138 0.88628 0.66888 
0.554597 0.0880965 0.203897 0.634097 0.147197 0.641197 0.452397 0.981097 0.576897 0.568597 0.536397 0.280697 0.804097 0.0587965 0.898597 0.970997 0.684397 0.675197 0.0534965 0.594697 0.0130965 0.844597 0.938197 0.112097 0.805697 0.684997 0.307797 0.828897 0.00749652 0.599197 
0.306399 0.706399 0.251199 0.925999 0.257699 0.107699 0.687699 0.413899 0.460999 0.194599 0.244399 0.0168986 0.997399 0.348799 0.474899 0.614799 0.333199 0.386399 0.221299 0.728099 0.700599 0.743099 0.889499 0.636599 0.852099 0.488099 0.180899 0.763999 0.722999 0.218599 
0.661982 0.639382 0.623582 0.645282 0.126582 0.936182 0.412282 0.956082 0.219082 0.567382 0.0103825 0.0336825 0.758082 0.840082 0.336982 0.194282 0.952882 0.477482 0.916782 0.169182 0.126282 0.241782 0.0775825 0.234582 0.899682 0.236982 0.411182 0.202082 0.866682 0.573582 
0.699885 0.598385 0.572385 0.415785 0.564985 0.682685 0.802085 0.883785 0.107885 0.147685 0.956185 0.470085 0.177685 0.895585 0.662485 0.0337849 0.134585 0.859085 0.785585 0.293485 0.444985 0.838285 0.962885 0.538085 0.615285 0.450385 0.466385 0.390185 0.0557849 0.606585 
0.574693 0.0603928 0.159193 0.327593 0.650393 0.830493 0.158093 0.438393 0.121193 0.431793 0.272993 0.814093 0.867393 0.749593 0.720293 0.255993 1.00119 0.214293 0.350693 0.441193 0.827793 0.692093 0.670193 0.883593 0.240293 0.00629277 0.401993 0.935093 0.319593 0.546193 
0.972911 0.136411 0.727711 0.664911 0.701911 0.227711 0.724211 0.823711 0.346711 0.676811 0.109111 0.376511 0.560011 0.485911 0.018011 0.805511 0.204011 0.904911 0.168811 0.408611 0.669711 0.375511 0.923911 0.797711 0.599911 0.216811 0.818911 0.446111 0.527011 0.185611 
0.428306 0.899606 0.221706 0.0507056 0.806806 0.561006 0.721206 0.588206 0.0115056 0.337706 0.112806 0.706406 0.818406 0.324106 0.298306 0.430406 0.415706 0.762406 0.787106 0.622806 0.694906 0.00680556 0.00650556 0.449006 0.968206 0.0134056 0.110806 0.740106 0.247406 0.0203056 
0.766269 0.891669 0.930769 0.489469 0.0436687 0.743169 -0.00673125 0.128269 0.724969 0.318369 0.154169 0.307569 0.298769 0.647869 0.0881687 0.0655687 0.0387687 0.811169 0.939569 0.737669 0.934169 0.555969 0.0647687 0.199869 0.497869 0.898969 0.341969 0.0115687 0.385869 0.167569 
0.479405 0.802805 0.357805 0.326505 0.251505 0.700205 0.600205 0.479005 0.133305 0.363505 0.0890047 0.317305 0.713805 0.200105 0.869005 0.696205 0.145305 0.285505 0.370105 0.0585047 0.218105 0.657505 0.785805 0.201705 0.428705 0.179605 0.764205 0.675705 0.560205 0.889805 
0.823326 0.550326 0.384926 0.458626 0.333726 0.893426 0.538026 0.761026 0.768326 0.0218261 0.715326 0.134026 0.266326 0.174026 0.0858261 0.161426 0.0575261 0.0980261 0.0286261 -0.0141739 0.511826 0.185426 0.883626 0.127126 0.751826 0.832426 0.0252261 0.455126 0.887526 0.865826 
0.332838 0.106538 0.339338 0.0700384 0.294838 0.0659384 0.413438 0.358138 0.247438 0.716138 0.830838 0.938938 0.621838 0.100238 0.200538 0.812938 0.144838 0.875538 0.503638 0.0735384 0.00143841 0.791538 0.450538 0.924138 0.601138 0.736138 0.371038 0.970738 0.764338 0.328338 
0.30504 0.24744 0.28844 0.16104 0.50184 0.23554 0.16944 0.39144 0.88204 0.45064 0.83764 0.83964 0.33674 0.84684 0.37484 0.17444 0.57024 0.67574 0.59684 -0.0201605 0.11354 0.55294 0.24334 0.19594 0.0778395 0.69444 0.0367395 0.85794 0.44844 0.0185395 
0.510023 0.114223 0.168923 0.158223 0.442123 0.337123 0.141823 0.663523 0.777423 0.408523 0.268323 0.480523 0.936623 0.804023 0.931623 0.856523 0.0278229 0.368423 0.405023 0.507323 0.487423 0.510123 0.335723 0.0230229 0.358223 0.729123 0.912823 0.218323 0.303023 0.987423 
0.587348 0.467048 0.484248 0.884548 0.0881476 0.898548 0.168748 0.444748 0.254948 0.301448 0.255148 0.133748 0.287848 0.342548 0.347748 0.409848 0.871848 0.472448 0.725248 0.844348 0.0908476 0.914448 0.868148 0.460348 0.337048 0.748448 0.148148 0.410748 0.107748 0.357248 
0.985766 0.0449664 0.938766 0.244966 0.780766 0.365166 0.750766 0.353166 0.869666 0.0581664 0.682766 0.510866 0.189866 0.923766 0.310166 0.814166 0.347966 0.882466 0.536566 0.996866 0.169466 0.274066 0.390866 0.279366 0.433166 0.142466 0.0230664 0.237666 0.142566 0.324066 
0.433611 0.435511 0.195711 -0.0189894 0.145611 0.171311 0.206211 0.946511 0.795511 0.0326106 0.886211 0.857811 0.471911 0.917711 0.853711 0.834811 0.548211 0.0221106 0.707011 0.169511 0.786711 0.442911 0.194111 0.136211 0.295611 0.164011 0.646911 0.420611 0.165211 0.710411 
0.0138756 0.370076 0.657976 0.940676 0.0901756 0.745176 0.802976 0.692076 0.822776 0.396476 0.658676 0.0277756 0.452976 0.262476 0.212476 0.812876 0.0512756 0.0681756 0.397076 0.396376 0.258276 0.787376 0.196476 0.0422756 0.0582756 0.393676 0.0401756 0.264076 0.590576 0.174676 
0.869681 0.333581 0.203981 0.448381 0.477881 0.581081 0.108781 0.797781 0.862281 0.669381 0.0379807 -0.00551928 0.325481 0.823281 0.619381 0.287781 0.297581 0.349481 0.209281 0.569081 0.139381 0.314281 0.479681 0.295681 0.696681 0.0584807 0.580681 0.690881 0.407981 0.838281 
